955.5,387.0,1565815129//무시

1069.5,354.0,1565816279
//

996.7251,352.2251,1565816409
979.7251,345.7251,1565816411
981.2251,359.43066,1565816413

918.2251,363.43066,1565816531

841.2251,359.93066,1565816649

746.2251,349.93066,1565816772

639.7251,348.93066,1565816890

508.2251,350.93066,1565817011

391.2251,352.93066,1565817135
아래귀퉁이
317.2251,340.43066,1565817257
319.2251,349.43066,1565817259
306.7251,343.43066,1565817261
306.7251,370.93066,1565817262
308.7251,354.93066,1565817263
섹션입구(잘못누른거)
329.7251,253.93066,1565817371
307.7251,255.43066,1565817372
섹션입구
307.11786,271.93066,1565817379
위귀퉁이
320.11786,183.93066,1565817490
309.11786,187.43066,1565817492
308.11786,171.43066,1565817493
308.11786,171.43066,1565817494

교수님섹션
243.11786,220.43066,1565817612
265.11786,233.93066,1565817614
263.649,214.49292,1565817615
263.649,214.49292,1565817615
끝
264.649,227.99292,1565817727
